563 79
583 79
563 59
583 59
2
5 202
6 203
7 203
8 204
9 204
10 205
11 205
12 206
13 206
14 207
15 207
16 208
17 208
18 209
19 210
20 210
21 211
22 211
23 212
24 212
25 213
26 213
27 214
28 214
29 215
30 215
31 216
32 216
33 217
34 217
35 218
36 218
37 219
38 219
39 220
40 220
41 221
42 221
43 222
44 222
45 223
46 223
47 224
48 224
49 225
50 225
51 226
52 226
53 227
54 227
55 228
56 228
57 228
58 229
59 229
60 230
61 230
62 231
63 231
64 232
65 232
66 233
67 233
68 233
69 234
70 234
71 235
72 235
73 236
74 236
75 236
76 237
77 237
78 238
79 238
80 238
81 239
82 239
83 240
84 240
85 240
86 241
87 241
88 241
89 242
90 242
91 243
92 243
93 243
94 244
95 244
96 244
97 245
98 245
99 245
100 246
101 246
102 246
103 247
104 247
105 247
106 248
107 248
108 248
109 249
110 249
111 249
112 249
113 250
114 250
115 250
116 251
117 251
118 251
119 251
120 252
121 252
122 252
123 252
124 253
125 253
126 253
127 253
128 253
129 254
130 254
131 254
132 254
133 254
134 255
135 255
136 255
137 255
138 255
139 256
140 256
141 256
142 256
143 256
144 256
145 256
146 257
147 257
148 257
149 257
150 257
151 257
152 257
153 257
154 257
155 258
156 258
157 258
158 258
159 258
160 258
161 258
162 258
163 258
164 258
165 258
166 258
167 258
168 258
169 258
170 258
171 258
172 258
173 258
174 258
175 258
176 258
177 258
178 258
179 258
180 258
181 258
182 258
183 258
184 258
185 258
186 258
187 258
188 258
189 258
190 258
191 258
192 258
193 258
194 258
195 258
196 257
197 257
198 257
199 257
200 257
201 257
202 257
203 257
204 256
205 256
206 256
207 256
208 256
209 256
210 256
211 255
212 255
213 255
214 255
215 255
216 254
217 254
218 254
219 254
220 254
221 253
222 253
223 253
224 253
225 253
226 252
227 252
228 252
229 252
230 251
231 251
232 251
233 251
234 250
235 250
236 250
237 249
238 249
239 249
240 249
241 248
242 248
243 248
244 247
245 247
246 247
247 246
248 246
249 246
250 245
251 245
252 245
253 244
254 244
255 244
256 243
257 243
258 243
259 242
260 242
261 242
262 241
263 241
264 240
265 240
266 240
267 239
268 239
269 238
270 238
271 238
272 237
273 237
274 236
275 236
276 236
277 235
278 235
279 234
280 234
281 233
282 233
283 233
284 232
285 232
286 231
287 231
288 230
289 230
290 229
291 229
292 228
293 228
294 228
295 227
296 227
297 226
298 226
299 225
300 225
301 224
302 224
303 223
304 223
305 222
306 222
307 221
308 221
309 220
310 220
311 219
312 219
313 218
314 218
315 217
316 217
317 216
318 216
319 215
320 215
321 214
322 214
323 213
324 213
325 212
326 212
327 211
328 211
329 210
330 210
331 209
332 209
333 208
334 207
335 207
336 206
337 206
338 205
339 205
340 204
341 204
342 203
343 203
344 202
345 202
346 201
347 201
348 200
349 200
350 199
351 198
352 198
353 197
354 197
355 196
356 196
357 195
358 195
359 194
360 194
361 193
362 193
363 192
364 192
365 191
366 191
367 190
368 189
369 189
370 188
371 188
372 187
373 187
374 186
375 186
376 185
377 185
378 184
379 184
380 183
381 183
382 182
383 182
384 181
385 181
386 180
387 180
388 179
389 179
390 178
391 178
392 177
393 177
394 176
395 176
396 175
397 175
398 174
399 174
400 173
401 173
402 172
403 172
404 172
405 171
406 171
407 170
408 170
409 169
410 169
411 168
412 168
413 167
414 167
415 167
416 166
417 166
418 165
419 165
420 164
421 164
422 163
423 163
424 163
425 162
426 162
427 161
428 161
429 161
430 160
431 160
432 159
433 159
434 159
435 158
436 158
437 158
438 157
439 157
440 156
441 156
442 156
443 155
444 155
445 155
446 154
447 154
448 154
449 153
450 153
451 153
452 152
453 152
454 152
455 151
456 151
457 151
458 150
459 150
460 150
461 150
462 149
463 149
464 149
465 149
466 148
467 148
468 148
469 147
470 147
471 147
472 147
473 147
474 146
475 146
476 146
477 146
478 145
479 145
480 145
481 145
482 145
483 144
484 144
485 144
486 144
487 144
488 144
489 143
490 143
491 143
492 143
493 143
494 143
495 142
496 142
497 142
498 142
499 142
500 142
501 142
502 142
503 142
504 141
505 141
506 141
507 141
508 141
509 141
510 141
511 141
512 141
513 141
514 141
515 141
516 141
517 141
518 141
519 141
520 141
521 141
522 141
523 141
524 141
525 141
526 141
527 141
528 141
529 141
530 141
531 141
532 141
533 141
534 141
535 141
536 141
537 141
538 141
539 141
540 141
541 141
542 141
543 141
544 141
545 142
546 142
547 142
548 142
549 142
550 142
551 142
552 142
553 143
554 143
555 143
556 143
557 143
558 143
559 143
560 144
561 144
562 144
563 144
564 144
565 145
566 145
567 145
568 145
569 145
570 146
571 146
572 146
573 146
574 146
575 147
576 147
577 147
578 147
579 148
